% generates y = t^3 training trajectory
% from 0..1, with input dt as a step size
function [ T ] = y_cubed( dt )
 t = 0:dt:1; 
 y = t.^3;
 %y = [0.334155750429, 0.334155750429, 0.334155750429, 0.334196796256, 0.334196796256, 0.334232186992, 0.334232186992, 0.334261879793, 0.334261879793, 0.334299937978, 0.334299937978, 0.334329092862, 0.334329092862, 0.334367681167, 0.334367681167, 0.334394512832, 0.334394512832, 0.334422055109, 0.334422055109, 0.334458951936, 0.334458951936, 0.334477630363, 0.334477630363, 0.334507331686, 0.334507331686, 0.334545001215, 0.334545001215, 0.334565744802, 0.334565744802, 0.334596113659, 0.334596113659, 0.334609886925, 0.334609886925, 0.334627881545, 0.334627881545, 0.337397282954, 0.337397282954, 0.344207685746, 0.344207685746, 0.345458163701, 0.345458163701, 0.337127438221, 0.337127438221, 0.324904862408, 0.324904862408, 0.313512682591, 0.313512682591, 0.303132309841, 0.303132309841, 0.298021521843, 0.298021521843, 0.29939271083, 0.29939271083, 0.304658737318, 0.304658737318, 0.308067424751, 0.308067424751, 0.308485125616, 0.308485125616, 0.306640000416, 0.306640000416, 0.301001815395, 0.301001815395, 0.294907263067, 0.294907263067, 0.291521030044, 0.291521030044, 0.290822262158, 0.290822262158, 0.291871411501, 0.291871411501, 0.291509124475, 0.291509124475, 0.289810572704, 0.289810572704, 0.286956427619, 0.286956427619, 0.283791074122, 0.283791074122, 0.281132847873, 0.281132847873, 0.280241328013, 0.280241328013, 0.280193795955, 0.280193795955, 0.279022339137, 0.279022339137, 0.277280209465, 0.277280209465, 0.275252526655, 0.275252526655, 0.273041422851, 0.273041422851, 0.271470125599, 0.271470125599, 0.270226412059, 0.270226412059, 0.269608633572, 0.269608633572, 0.268775684983, 0.268775684983, 0.267499302496, 0.267499302496, 0.26573275465, 0.26573275465, 0.264090974008, 0.264090974008, 0.262894525643, 0.262894525643, 0.262035306962, 0.262035306962, 0.261156215302, 0.261156215302, 0.260022855252, 0.260022855252, 0.259100374494, 0.259100374494, 0.257935327913, 0.257935327913, 0.256852754894, 0.256852754894, 0.255831277697, 0.255831277697, 0.255042344016, 0.255042344016, 0.254043146253, 0.254043146253, 0.253218356133, 0.253218356133, 0.25241219162, 0.25241219162, 0.251607879515, 0.251607879515, 0.250506842463, 0.250506842463, 0.249598043435, 0.249598043435, 0.248831982732, 0.248831982732, 0.248312557939, 0.248312557939, 0.247593948484, 0.247593948484, 0.246949276794, 0.246949276794, 0.246151211095, 0.246151211095, 0.245181401394, 0.245181401394, 0.244303496108, 0.244303496108, 0.243883978689, 0.243883978689, 0.243362922791, 0.243362922791, 0.242784334955, 0.242784334955, 0.242215344277, 0.242215344277, 0.241438423138, 0.241438423138, 0.240840424719, 0.240840424719, 0.2403147351, 0.2403147351, 0.239798067654, 0.239798067654, 0.239367696574, 0.239367696574, 0.238818324878, 0.238818324878, 0.238153131184, 0.238153131184, 0.237523126557, 0.237523126557, 0.237014192628, 0.237014192628, 0.236558983153, 0.236558983153, 0.236270637027, 0.236270637027, 0.235814205658, 0.235814205658, 0.23535711943, 0.23535711943, 0.234941939688, 0.234941939688, 0.23435368684, 0.23435368684, 0.233993785707, 0.233993785707, 0.233717466231, 0.233717466231, 0.23324645014, 0.23324645014, 0.232817282841, 0.232817282841, 0.23244950977, 0.23244950977, 0.232091637591, 0.232091637591, 0.231785974522, 0.231785974522, 0.231455886774, 0.231455886774, 0.231076547161, 0.231076547161, 0.230736739621, 0.230736739621, 0.230400443807, 0.230400443807, 0.230085950382, 0.230085950382, 0.229846364688, 0.229846364688, 0.229549362497, 0.229549362497, 0.229167955496, 0.229167955496, 0.228905827928, 0.228905827928, 0.228696026147, 0.228696026147, 0.228395439663, 0.228395439663, 0.228128784747, 0.228128784747, 0.227855986746, 0.227855986746, 0.227637994001, 0.227637994001, 0.227394227727, 0.227394227727, 0.227141906723, 0.227141906723, 0.226884198835, 0.226884198835, 0.226649307185, 0.22643606191, 0.22643606191, 0.22643606191, 0.226335115441, 0.226335115441, 0.226110432324, 0.226110432324, 0.225816355416, 0.225816355416, 0.225565641357, 0.225565641357, 0.225406719532, 0.225406719532, 0.225248610753, 0.225248610753, 0.225043313695, 0.225043313695, 0.224881601856, 0.224881601856, 0.224712909231, 0.224712909231, 0.224560708519, 0.224560708519, 0.224353127475, 0.224353127475, 0.224186842889, 0.224186842889, 0.224020910256, 0.224020910256, 0.223874450765, 0.223874450765, 0.223746010562, 0.223746010562, 0.223590703678, 0.223590703678, 0.223423394473, 0.223423394473, 0.223288827291, 0.223288827291, 0.223159755696, 0.223159755696, 0.223042583129, 0.223042583129, 0.222915650655, 0.222915650655, 0.22275839257, 0.22275839257, 0.222660907727, 0.222660907727, 0.222559720261, 0.222559720261, 0.222382301871, 0.222382301871, 0.22226739438, 0.22226739438, 0.22218735547, 0.22218735547, 0.222086251712, 0.222086251712, 0.221969924268, 0.221969924268, 0.221876656222, 0.221876656222, 0.221763676705, 0.221763676705, 0.221676295694, 0.221676295694, 0.22158353787, 0.22158353787, 0.221460188777, 0.221460188777, 0.221368465576, 0.221368465576, 0.221296063207, 0.221296063207, 0.221215785037, 0.221215785037, 0.221138508968, 0.221138508968, 0.221036020354, 0.221036020354, 0.220941182772, 0.220941182772, 0.220871604028, 0.220871604028, 0.220807255403, 0.220807255403, 0.220738334578, 0.220738334578, 0.220673362463, 0.220673362463, 0.220588450495, 0.220588450495, 0.220505232127, 0.220505232127, 0.220442269479, 0.220442269479, 0.220379737247, 0.220379737247, 0.22031859228, 0.22031859228, 0.220254704829, 0.220254704829, 0.220193152874, 0.220193152874, 0.220134542945, 0.220134542945, 0.220073231332, 0.220073231332, 0.220017115635, 0.220017115635, 0.219964164579, 0.219964164579, 0.219906412994, 0.219906412994, 0.21986017071, 0.21986017071, 0.219802349155, 0.219802349155, 0.219752333849, 0.219752333849, 0.219716344182, 0.219716344182, 0.219654841387, 0.219654841387, 0.219601666123, 0.219601666123, 0.219575180808, 0.219575180808, 0.219539282852, 0.219539282852, 0.219482087575, 0.219482087575, 0.219419673552, 0.219419673552, 0.219392619247, 0.219392619247, 0.219366022409, 0.219366022409, 0.219315841184, 0.219315841184, 0.219277278991, 0.219277278991, 0.219241072876, 0.219241072876, 0.21919853048, 0.21919853048, 0.219182073073, 0.219182073073, 0.219148816214, 0.219148816214, 0.219101540501, 0.219101540501, 0.219062296659, 0.219062296659, 0.219031360014, 0.219031360014, 0.219012078058, 0.219012078058, 0.218987269555, 0.218987269555, 0.21895169775, 0.21895169775, 0.218914094649, 0.218914094649, 0.218891390792, 0.218891390792, 0.218873108509, 0.218873108509, 0.218845504873, 0.218845504873, 0.218807772825, 0.218807772825, 0.21878255914, 0.21878255914, 0.218758478967, 0.218758478967, 0.21870635979, 0.21870635979, 0.218686517361, 0.218686517361, 0.218724462395, 0.218724462395, 0.218784413462, 0.218784413462, 0.218807865112, 0.218807865112, 0.21879590957, 0.21879590957, 0.218763973434, 0.218763973434, 0.218736785378, 0.218736785378, 0.218735415198, 0.218735415198, 0.21875293294, 0.21875293294, 0.218771952014, 0.218771952014, 0.218779867312, 0.218779867312, 0.218773175933, 0.218773175933, 0.218760328179, 0.218760328179, 0.218752137545, 0.218752137545, 0.218752888214, 0.218752888214, 0.21875993844, 0.21875993844, 0.21876679092, 0.21876679092, 0.218768639271, 0.218768639271, 0.218765489185, 0.218765489185, 0.218765489185, 0.218765489185, 0.218765489185, 0.218765489185, 0.218765489185, 0.218765489185, 0.218765489185, 0.218765489185, 0.218765489185, 0.218765489185, 0.218765489185, 0.218765489185, 0.218765489185, 0.218765489185, 0.218765489185, 0.218765489185, 0.218765489185, 0.218765489185, 0.218765489185, 0.218765489185, 0.218765489185, 0.218765489185, 0.218765489185, 0.218765489185, 0.218765489185, 0.218765489185, 0.218765489185, 0.218765489185, 0.218765489185, 0.218765489185, 0.218765489185, 0.218765489185, 0.218765489185, 0.218765489185, 0.218765489185, 0.218765489185, 0.218765489185, 0.218765489185, 